lastAccountName: AfroMace90
timestamps:
  login: 1584880970387
  logout: 1584881005405
  lastteleport: 1584880894791
ipAddress: 49.207.134.30
logoutlocation:
  world: sea_of_flame_II
  x: 99.54582206491801
  y: 55.0
  z: -8.204929525693867
  yaw: 93.44985
  pitch: 28.650038
lastlocation:
  world: sea_of_flame_II
  x: 95.30000001192093
  y: 55.0
  z: -13.309331812728805
  yaw: 58.35092
  pitch: 22.049953
