lastAccountName: purplepant1es
timestamps:
  login: 1586807306390
  logout: 1586807338558
ipAddress: 49.207.131.198
logoutlocation:
  world: survival
  x: -148.96588709714828
  y: 63.0
  z: -222.88118825123723
  yaw: 19.800137
  pitch: 15.000004
