lastAccountName: shady0903
timestamps:
  login: 1584881318256
  logout: 1584881562703
  lastteleport: 1584880887008
ipAddress: 49.207.136.23
logoutlocation:
  world: sea_of_flame_II
  x: 79.0
  y: 70.0
  z: 0.0
  yaw: 0.0
  pitch: 0.0
lastlocation:
  world: sea_of_flame_II
  x: 79.0
  y: 70.0
  z: 0.0
  yaw: -2.2500002
  pitch: -11.550001
