lastAccountName: purplepant1es
timestamps:
  login: 1592749412950
  logout: 1592717506866
  lastteleport: 1592753065049
ipAddress: 49.207.136.226
logoutlocation:
  world: survival
  x: -139.9216851529349
  y: 68.0
  z: -198.65736716860567
  yaw: -87.450676
  pitch: 24.450012
lastlocation:
  world: survival
  x: -110.69999998807907
  y: 65.0
  z: -213.69999998807907
  yaw: 115.65161
  pitch: 36.299984
afk: false
nickname: §bpurplepant1es
homes:
  home:
    world: survival
    x: -153.56859416631244
    y: 63.0
    z: -223.05266215783635
    yaw: 278.40137
    pitch: 18.150093
  farm:
    world: survival
    x: -102.30000001192093
    y: 66.0
    z: -203.51249998807907
    yaw: 9.295654
    pitch: 30.900122
  v:
    world: survival
    x: -145.0225669519673
    y: 64.0
    z: -196.69999998807907
    yaw: -30.29834
    pitch: 23.250088
