lastAccountName: Wizen023
timestamps:
  login: 1584880971041
  logout: 1584881000159
  lastteleport: 1584880542227
ipAddress: 27.5.235.165
logoutlocation:
  world: sea_of_flame_II
  x: 79.08059506593585
  y: 70.0
  z: 0.04408313467410008
  yaw: 138.2999
  pitch: -5.250031
lastlocation:
  world: sea_of_flame_II
  x: 79.0
  y: 70.0
  z: 0.0
  yaw: 59.99997
  pitch: 16.19998
