World: survival
X: -169.73447959046007
Y: 63.0
Z: -234.85017090944945
Yaw: -39.300938
Pitch: -0.15000223
