World: hardcore
X: -19.5
Y: 71.0
Z: 44.5
Yaw: 31.94928
Pitch: 39.00012
