world: pvp
x: 0.5
y: 71.0
z: 0.5
yaw: 272.84787
pitch: 11.399926
name: pvp
lastowner: 7892d11c-7be6-3951-803d-62d1f8f53f08
