world: mesa
x: 0.3639042180411013
y: 113.0
z: 0.7230533118346272
yaw: 179.9513
pitch: 3.4499934
name: spawn
lastowner: 7892d11c-7be6-3951-803d-62d1f8f53f08
