world: hardcore
x: -19.878858312801064
y: 71.0
z: 44.981795757063516
yaw: 31.94928
pitch: 39.00012
name: survival_2
lastowner: 7892d11c-7be6-3951-803d-62d1f8f53f08
