world: survival
x: -169.73447959046007
y: 63.0
z: -234.85017090944945
yaw: -39.300938
pitch: -0.15000223
name: survival
lastowner: 7892d11c-7be6-3951-803d-62d1f8f53f08
